
1->
10	1	-212.210205	-308	1	-308.634064	-308	1	-322.719940	-308	1	-286.527679	-308	1	-176.773346	-308	1	58.665241	-308	1	187.571030	-308	1	263.710327	-308	1	297.080963	-308	1	-79.727409	-308	
341.683960	-308	193	144	245	60	15	333	4800	0	0	0	0	0	0	0	0	0	0	0	0	0	0
-303.698669	-308	28	176	124	60	15	332	4800	0	0	0	0	0	0	0	0	0	0	0	0	0	0
-342.742706	-308	182	3	50	60	15	332	4800	0	0	0	0	0	0	0	0	0	0	0	0	0	0
1	1	3	0	0	1	0	3	9999	9999	0	0	0	0	0	0	0	0	0	0	0	0	0
-1	-1	-1	-1	2	1	2	1	6	1	4	-1	2	-1	1	2	3	3	4	2	4	3	4
-1	-1	-1	-1	2	1	2	1	6	1	4	-1	2	-1	1	2	3	3	4	2	4	3	4
-1	-1	-1	-1	2	1	2	1	6	1	4	-1	2	-1	1	2	3	3	4	2	4	3	4
>>D:349.683960,W:46,Q:-1,S:43,k:107,W:66,k:107,#:35,x:225.683960,y:-51.500000,Skill:0,
2->
10	1	-212.210205	-79	1	-308.634064	-114	1	-322.719940	-94	1	-142.577911	-100.855240	1	-176.773346	-56	1	58.665241	-11	1	187.571030	-40	1	263.710327	-46	1	297.080963	-58	1	-79.727409	-47	
225.683960	-51.500000	193	144	245	60	1.799979	333	4800	0	0	0	0	0	0	0	0	0	0	0	0	0	0
-295.287872	-140.287170	28	176	124	60	15	333	4612.500000	0	0	0	0	0	0	0	0	0	0	0	0	0	0
-342.742706	-79	182	3	50	60	15	332	4800	0	0	0	0	0	0	0	0	0	0	0	0	0	0
2	2	3	0	-3.400000	2	0	3	9999	9999	0	0	0	0	0	0	0	0	0	0	0	0	0
-1	-1	-1	-1	2	1	2	1	6	1	4	-1	2	-1	1	2	3	3	4	2	4	3	4
-1	-1	-1	-1	2	1	2	1	6	1	4	-1	2	-1	1	2	3	3	4	2	4	3	4
-1	-1	-1	-1	2	1	2	1	6	1	4	-1	2	-1	1	2	3	3	4	2	4	3	4
>>Q:1,D:-248.287872,S:29,k:107,k:107,#:35,x:-248.287872,y:-124.287170,Skill:0,
3->
10	1	-212.210205	-79	1	-308.634064	-114	1	-322.719940	-94	1	-142.577911	-100.855240	1	-176.773346	-56	1	58.665241	-11	1	187.571030	-40	1	75.473503	-0.627920	1	367.145447	-75.143250	1	-79.727409	-47	
225.683960	-51.500000	193	144	245	60	1.799979	333	4800	0	0	0	0	0	0	0	0	0	0	0	0	0	0
-248.287872	-124.287170	28	176	124	60	10.299982	333	4612.500000	0	0	0	0	0	0	0	0	0	0	0	0	0	0
-342.742706	-79	182	3	50	60	15	333	4800	0	0	0	0	0	0	0	0	0	0	0	0	0	0
3	3	3	0	-2.170000	2	0	3	9999	9999	0	0	0	0	0	0	0	0	0	0	0	0	0
-1	-1	-1	-1	2	1	2	1	6	1	4	-1	2	-1	1	2	3	3	4	2	4	3	4
-1	-1	-1	-1	2	1	2	1	6	1	4	-1	2	-1	1	2	3	3	4	2	4	3	4
-1	-1	-1	-1	2	1	2	1	6	1	4	-1	2	-1	1	2	3	3	4	2	4	3	4
>>W:48,W:60,S:54,k:107,W:57,#:35,x:-342.742706,y:-79.000000,Skill:0,Pk:7,8,-274.810211,-308,Pk;
4->
10	1	-212.210205	-79	1	-308.634064	-114	1	-322.719940	-94	1	-142.577911	-100.855240	1	-194.780991	-29.813160	1	58.665241	-11	1	187.571030	-40	1	75.473503	-0.627920	1	367.145447	-75.143250	1	-79.727409	-47	
225.683960	-51.500000	193	144	245	46.799980	15	334	4800	0	0	0	0	0	0	0	0	0	0	0	0	0	0
-248.287872	-124.287170	28	176	124	60	10.299982	333	4612.500000	0	0	0	0	0	0	0	0	0	0	0	0	0	0
-342.742706	-79	182	3	50	60	15	333	4800	0	0	0	0	0	0	0	0	0	0	0	0	0	0
4	1	3	0	3.280000	1	7	8	-274.810211	-308	0	0	0	0	0	0	0	0	0	0	0	0	0
-1	-1	-1	-1	2	1	2	1	6	1	4	-1	2	-1	1	2	3	3	4	2	4	3	4
-1	-1	-1	-1	2	1	2	1	6	1	4	-1	2	-1	1	2	3	3	4	2	4	3	4
-1	-1	-1	-1	2	1	2	1	6	1	4	-1	2	-1	1	2	3	3	4	2	4	3	4
>>W:48,Q:-1,Skill:-1,Skill:-1,Skill:-1,Skill:-1,Skill:-1,Skill:-1,Skill:-1,Skill:-1,Skill:-1,Skill:21,Skill:21,Skill:-1,Skill:18,Skill:17,Skill:18,k:107,W:51,#:35,x:225.683960,y:-51.500000,Skill:18,!:-241.000000,-114.000000,
5->
10	1	-212.210205	-79	1	-308.634064	-114	1	-322.719940	-94	1	-142.577911	-100.855240	1	-194.780991	-29.813160	1	58.665241	-11	1	187.571030	-40	1	75.473503	-0.627920	1	367.145447	-75.143250	1	-79.727409	-47	
225.683960	-51.500000	193	144	245	46.799980	15	330	4800	0	0	0	0	0	0	0	0	0	0	0	0	0	0
-257.146515	-127.687813	28	176	124	55.299980	15	334	4192.500000	0	0	0	0	0	0	0	0	0	0	0	0	0	0
-342.742706	-79	182	3	50	60	15	333	4800	0	0	0	0	0	0	0	0	0	0	0	0	0	0
5	2	3	0	-0.960000	2	7	8	-274.810211	-150	0	0	0	0	0	0	0	0	0	0	0	0	0
-1	-1	-1	-1	2	1	2	1	6	1	4	-1	2	-1	1	2	3	2	4	2	4	3	4
-1	-1	-1	-1	2	1	2	1	6	1	4	-1	2	-1	1	2	3	3	4	2	4	3	4
-1	-1	-1	-1	2	1	2	1	6	1	4	-1	2	-1	1	2	3	3	4	2	4	3	4
>>W:48,Q:1,A:-275.146515,D:-268.146515,S:39,S:30,S:16,#:35,x:-268.146515,y:-142.687805,Skill:0,
6->
10	1	-212.210205	-79	1	-308.634064	-114	1	-322.719940	-94	1	-142.577911	-100.855240	1	-194.780991	-29.813160	1	58.665241	-11	1	203.151871	-37.606178	1	75.473503	-0.627920	1	367.145447	-75.143250	1	-79.727409	-47	
225.683960	-51.500000	193	144	245	46.799980	15	330	4800	0	0	0	0	0	0	0	0	0	0	0	0	0	0
-268.146515	-142.687805	28	176	124	55.299980	12.499990	334	4192.500000	0	1	0	0	0	0	0	0	0	0	0	0	0	0
-342.742706	-79	182	3	50	60	15	334	4800	0	0	0	0	0	0	0	0	0	0	0	0	0	0
6	3	3	0	-1.270000	2	0	8	9999	9999	0	0	0	0	0	0	0	0	0	0	0	0	0
-1	-1	-1	-1	2	1	2	1	6	1	4	-1	2	-1	1	2	3	2	4	2	4	3	4
-1	-1	-1	-1	2	1	2	1	6	1	4	-1	2	-1	1	2	3	3	4	2	4	3	4
-1	-1	-1	-1	2	1	2	1	6	1	4	-1	2	-1	1	2	3	3	4	2	4	3	4
>>W:55,Skill:8,Skill:5,Skill:4,Skill:5,#:35,x:-342.742706,y:-79.000000,Skill:5,!:-269.000000,-61.000000,
7->
10	1	-212.210205	-79	1	-308.634064	-114	1	-322.719940	-94	1	-142.577911	-100.855240	1	-194.780991	-29.813160	1	58.665241	-11	1	203.151871	-37.606178	1	75.473503	-0.627920	1	367.145447	-75.143250	1	-79.727409	-47	
225.683960	-51.500000	193	144	245	46.799980	15	331	4800	0	0	0	0	0	0	0	0	0	0	0	0	0	0
-165.287354	-79.841080	28	176	124	55.299980	12.499990	334	3192.500000	0	1	0	0	0	0	0	0	0	0	0	0	0	0
-342.742706	-79	182	3	50	60	15	324	4800	0	0	0	0	0	0	0	0	0	0	0	0	0	0
7	1	3	0	1.980000	1	0	8	9999	9999	0	0	0	0	0	0	0	0	0	0	0	0	0
-1	-1	-1	-1	2	1	2	1	6	1	4	-1	2	-1	1	2	3	2	4	2	4	3	4
-1	-1	-1	-1	2	1	2	1	6	1	4	-1	2	-1	1	2	3	3	4	2	4	3	4
-1	-1	-1	-1	1	1	2	1	6	1	4	-1	2	-1	1	2	3	3	4	2	4	3	4
>>W:47,Q:-1,S:43,#:35,x:225.683960,y:-51.500000,Skill:0,
8->
10	1	-212.210205	-79	1	-308.634064	-114	1	-322.719940	-94	1	-142.577911	-100.855240	1	-194.780991	-29.813160	1	58.665241	-11	1	203.151871	-37.606178	1	75.473503	-0.627920	1	367.145447	-75.143250	1	-79.727409	-47	
225.683960	-51.500000	193	144	245	46.799980	15	331	4800	0	0	0	0	0	0	0	0	0	0	0	0	0	0
-165.287354	-79.841080	28	176	124	52.799973	15	335	3192.500000	0	0	0	0	0	0	0	0	0	0	0	0	0	0
-342.742706	-79	182	3	50	60	15	324	4800	0	0	0	0	0	0	0	0	0	0	0	0	0	0
8	2	3	0	1.340000	1	0	8	9999	9999	0	0	0	0	0	0	0	0	0	0	0	0	0
-1	-1	-1	-1	2	1	2	1	6	1	4	-1	2	-1	1	2	3	2	4	2	4	3	4
-1	-1	-1	-1	2	1	2	1	6	1	4	-1	2	-1	1	2	3	3	4	2	4	3	4
-1	-1	-1	-1	1	1	2	1	6	1	4	-1	2	-1	1	2	3	3	4	2	4	3	4
>>W:48,Q:1,k:107,#:35,x:-165.287354,y:-79.841080,Skill:0,Pk:2,12,357.310760,-308,Pk;
9->
10	1	-212.210205	-79	1	-308.634064	-114	1	-322.719940	-94	1	-142.577911	-100.855240	1	-194.780991	-29.813160	1	58.665241	-11	1	203.151871	-37.606178	1	75.473503	-0.627920	1	367.145447	-75.143250	1	-79.727409	-47	
225.683960	-51.500000	193	144	245	46.799980	15	331	4800	0	0	0	0	0	0	0	0	0	0	0	0	0	0
-165.287354	-79.841080	28	176	124	52.799973	15	335	3192.500000	0	0	0	0	0	0	0	0	0	0	0	0	0	0
-342.742706	-79	182	3	50	60	15	325	4800	0	0	0	0	0	0	0	0	0	0	0	0	0	0
9	3	3	0	-0.180000	2	2	12	357.310760	-308	0	0	0	0	0	0	0	0	0	0	0	0	0
-1	-1	-1	-1	2	1	2	1	6	1	4	-1	2	-1	1	2	3	2	4	2	4	3	4
-1	-1	-1	-1	2	1	2	1	6	1	4	-1	2	-1	1	2	3	3	4	2	4	3	4
-1	-1	-1	-1	1	1	2	1	6	1	4	-1	2	-1	1	2	3	3	4	2	4	3	4
>>
